{
 "cells": [
  {
   "cell_type": "code",
   "execution_count": 1,
   "id": "26b98c04",
   "metadata": {},
   "outputs": [],
   "source": [
    "%load_ext autoreload\n",
    "%autoreload 2\n",
    "\n",
    "import util as yu\n",
    "from util import *\n",
    "import util_moments as yum\n",
    "\n",
    "yu.setpath('check_helicity_priyajit')\n",
    "\n",
    "projs=['P0', 'Px', 'Py', 'Pz']\n",
    "inserts=['tt', 'tx', 'ty', 'tz', 'xx', 'xy', 'xz', 'yy', 'yz', 'zz']\n",
    "enss=['b','c','d']\n",
    "ens='b'"
   ]
  },
  {
   "cell_type": "code",
   "execution_count": 2,
   "id": "a27cf72e",
   "metadata": {},
   "outputs": [],
   "source": [
    "path=f'pkl/analysis_c2pt/reg_ignore/ens2pars_jk_meffnst_selected.pkl'\n",
    "[ens2pars_jk_meff1st,ens2pars_jk_meff2st,ens2pars_jk_meff3st]=yu.load_pkl(path)"
   ]
  },
  {
   "cell_type": "code",
   "execution_count": 3,
   "id": "516fe94f",
   "metadata": {},
   "outputs": [
    {
     "name": "stdout",
     "output_type": "stream",
     "text": [
      "The history saving thread hit an unexpected error (OperationalError('disk I/O error')).History will not be written to the database.\n"
     ]
    }
   ],
   "source": [
    "ens2c2pt={}; ens2moms_2pt={}; ens2c2pt0={}; ens2Njk={}\n",
    "for ens in enss:\n",
    "    basepath=f'/p/project1/ngff/li47/code/projectData/05_moments/{yu.ens2full[ens]}/data_merge/'\n",
    "    path=f'{basepath}disc_2pt.h5'\n",
    "    with h5py.File(path) as f:\n",
    "        moms_2pt=yu.moms2list(f['moms'])\n",
    "        c2pt=yu.jackknife(np.real(f['data/N_N'][:,:,:]))\n",
    "        \n",
    "    ens2moms_2pt[ens]=moms_2pt\n",
    "    ens2c2pt[ens]=c2pt\n",
    "    ens2c2pt0[ens]=c2pt[:,:,moms_2pt.index([0,0,0])]\n",
    "    ens2Njk[ens]=len(c2pt)"
   ]
  },
  {
   "cell_type": "code",
   "execution_count": 22,
   "id": "d4cf4218",
   "metadata": {},
   "outputs": [
    {
     "name": "stdout",
     "output_type": "stream",
     "text": [
      "[0.00119(495), 0.00114(484), -0.00184(488), -0.00345(481), 0.00231(457), 0.00014(490), -0.00517(501), -0.00060(464), -0.00739(494), 0.00375(494), -0.00707(499)]\n"
     ]
    }
   ],
   "source": [
    "c2pt=ens2c2pt0['b']\n",
    "yu.jackme_un2str(c2pt[:,10:20],forceResult=None)\n",
    "\n",
    "factor=-1j/2\n",
    "\n",
    "ens='b'\n",
    "path=f'/p/project1/ngff/li47/code/scratch/run/05_moments_run5_1DA/{yu.ens2full[ens]}/data_merge/disc_0,0,0,0,0,0.h5'\n",
    "with h5py.File(path) as f:\n",
    "    tf=10\n",
    "    t=f[f'data/j+;disc_{tf}'][:]\n",
    "    t=t[:,:,0,projs.index('Pz'),inserts.index('tz')]\n",
    "    c3pt=yu.jackknife(np.real(t/factor))\n",
    "    \n",
    "    ratio=c3pt/c2pt[:,tf:tf+1]\n",
    "    print(yu.jackme_un2str(ratio,precision=3))"
   ]
  },
  {
   "cell_type": "code",
   "execution_count": 27,
   "id": "2a8a7661",
   "metadata": {},
   "outputs": [
    {
     "name": "stdout",
     "output_type": "stream",
     "text": [
      "[ 1.13186803e-10+1.31209079e-11j -2.59881106e-11+3.27563371e-12j\n",
      "  4.94908274e-11+1.07924942e-10j -5.55462483e-11+2.22952670e-11j\n",
      " -5.48484302e-11-7.30076495e-11j -3.22786770e-12+4.87529215e-12j\n",
      "  2.20037753e-12+3.40546524e-11j  1.11623467e-12+8.48482290e-11j\n",
      "  4.81947547e-12-1.22758572e-10j  4.20773851e-11-1.62305244e-11j\n",
      " -4.50993426e-11+4.58811206e-11j]\n"
     ]
    }
   ],
   "source": [
    "path='/p/project1/ngff/li47/code/scratch/run/05_moments_run5_1DA_xcheckGiannis/cB211.072.64/data_avgsrc/a0500/disc_0,0,0,0,0,0.h5'\n",
    "with h5py.File(path) as f:\n",
    "    t=f['data/j+;disc_10'][:]\n",
    "    print(t[:,0,projs.index('Pz'),inserts.index('tz')])"
   ]
  },
  {
   "cell_type": "code",
   "execution_count": 7,
   "id": "0bdf7e6a",
   "metadata": {},
   "outputs": [
    {
     "name": "stdout",
     "output_type": "stream",
     "text": [
      "8 [-0.0002(42), 0.0028(40), 0.0005(41), -0.0014(41), 0.0049(37), 0.0012(40), -0.0005(41), 0.0000(39), -0.0037(40)]\n",
      "       1  -0.5541   0.1261   0.0955 0.003075  0.02469 0.008092  0.01744  0.01002\n",
      " -0.5541        1  -0.4956   0.1035  0.01433 -0.06983  0.08036 -0.03003   0.0149\n",
      "  0.1261  -0.4956        1  -0.5325   0.1406  0.09102 -0.05781  0.07201 -0.03354\n",
      "  0.0955   0.1035  -0.5325        1   -0.515  0.08617  0.04291 -0.04435  0.02627\n",
      "0.003075  0.01433   0.1406   -0.515        1  -0.5072   0.1928 -0.01948   0.0403\n",
      " 0.02469 -0.06983  0.09102  0.08617  -0.5072        1   -0.598   0.2647 -0.05444\n",
      "0.008092  0.08036 -0.05781  0.04291   0.1928   -0.598        1    -0.54   0.1875\n",
      " 0.01744 -0.03003  0.07201 -0.04435 -0.01948   0.2647    -0.54        1  -0.5627\n",
      " 0.01002   0.0149 -0.03354  0.02627   0.0403 -0.05444   0.1875  -0.5627        1\n",
      "10 [-0.0038(61), 0.0048(60), 0.0008(62), -0.0018(59), 0.0043(56), 0.0038(60), -0.0056(60), 0.0034(59), -0.0065(61), 0.0073(61), -0.0094(62)]\n",
      "       1  -0.5641   0.1807  0.04028 -0.01144  0.03015 -0.004076 0.009506  -0.0141  0.01472  0.02821\n",
      " -0.5641        1   -0.524   0.1112  0.05356 -0.09421   0.0727 -0.01059   0.0285 -0.03457  0.02483\n",
      "  0.1807   -0.524        1  -0.4947  0.08383  0.09934 -0.05244   0.0731 -0.05327  0.02349  -0.0211\n",
      " 0.04028   0.1112  -0.4947        1  -0.4819   0.1079 -0.002813 -0.01764  0.08189 -0.03235  0.01336\n",
      "-0.01144  0.05356  0.08383  -0.4819        1  -0.5333   0.2025 -0.02159   0.0307 -0.01436 0.001071\n",
      " 0.03015 -0.09421  0.09934   0.1079  -0.5333        1  -0.5613   0.2275 -0.02544 0.003561 0.005599\n",
      "-0.004076   0.0727 -0.05244 -0.002813   0.2025  -0.5613        1  -0.5486   0.1731 -0.02055   0.0141\n",
      "0.009506 -0.01059   0.0731 -0.01764 -0.02159   0.2275  -0.5486        1   -0.531    0.186  -0.0102\n",
      " -0.0141   0.0285 -0.05327  0.08189   0.0307 -0.02544   0.1731   -0.531        1   -0.563   0.1974\n",
      " 0.01472 -0.03457  0.02349 -0.03235 -0.01436 0.003561 -0.02055    0.186   -0.563        1  -0.5508\n",
      " 0.02821  0.02483  -0.0211  0.01336 0.001071 0.005599   0.0141  -0.0102   0.1974  -0.5508        1\n",
      "12 [-0.0033(92), 0.0169(93), -0.0077(90), -0.0007(87), 0.0092(85), -0.0053(87), 0.0014(88), -0.0039(85), -0.0034(89), 0.0059(91), -0.0079(93), 0.0075(91), 0.0007(89)]\n",
      "       1  -0.5692   0.1947   0.0546 -0.02751  0.03116 -0.02712 0.009179 -0.00109   0.0375 -0.03454  0.03039 -0.001842\n",
      " -0.5692        1  -0.5269   0.0939  0.06618 -0.07836  0.05385 -0.02757  0.04621 -0.04645  0.04501 -0.02566  0.03793\n",
      "  0.1947  -0.5269        1  -0.4815   0.1036  0.07759  -0.0182   0.0485 -0.002281  -0.0135  0.01906 0.002062 0.0006757\n",
      "  0.0546   0.0939  -0.4815        1  -0.4791   0.1004 0.004105 -0.007158  0.03454 0.006011 -0.02592 -0.01301  0.04951\n",
      "-0.02751  0.06618   0.1036  -0.4791        1  -0.5142   0.1474 -0.01314 -0.02313  0.02268  -0.0103  0.04918 -0.01837\n",
      " 0.03116 -0.07836  0.07759   0.1004  -0.5142        1  -0.5351   0.1845  0.02939 -0.03855  0.05631 -0.01756  0.01115\n",
      "-0.02712  0.05385  -0.0182 0.004105   0.1474  -0.5351        1  -0.5292   0.1418 -0.009716 -0.002993  0.03905 -0.03089\n",
      "0.009179 -0.02757   0.0485 -0.007158 -0.01314   0.1845  -0.5292        1   -0.529   0.1889 -0.01236 -0.01968  0.04285\n",
      "-0.00109  0.04621 -0.002281  0.03454 -0.02313  0.02939   0.1418   -0.529        1  -0.5388   0.1981  -0.0399   0.0403\n",
      "  0.0375 -0.04645  -0.0135 0.006011  0.02268 -0.03855 -0.009716   0.1889  -0.5388        1  -0.5666   0.1851 -0.07377\n",
      "-0.03454  0.04501  0.01906 -0.02592  -0.0103  0.05631 -0.002993 -0.01236   0.1981  -0.5666        1  -0.5647   0.1991\n",
      " 0.03039 -0.02566 0.002062 -0.01301  0.04918 -0.01756  0.03905 -0.01968  -0.0399   0.1851  -0.5647        1  -0.5483\n",
      "-0.001842  0.03793 0.0006757  0.04951 -0.01837  0.01115 -0.03089  0.04285   0.0403 -0.07377   0.1991  -0.5483        1\n",
      "14 [0.001(14), 0.016(14), -0.004(14), 0.013(13), 0.001(14), -0.007(14), 0.003(14), -0.013(14), 0.002(13), -0.006(14), -0.003(14), 0.020(14), -0.016(14), 0.030(14), -0.002(13)]\n",
      "       1   -0.548    0.204  0.04874  0.01945 -0.005936 -0.003817 -0.01522   0.0529  -0.0286  0.04296 -0.01015  0.01608  0.05166 -0.02843\n",
      "  -0.548        1  -0.5604   0.1219  0.03122 -0.02222 0.009756 0.0001227  0.02753 -0.02339  0.01606 -0.02147  0.02441 -0.04802   0.0519\n",
      "   0.204  -0.5604        1  -0.5019    0.136   0.0182 0.009506  0.04604 -0.0002741 -0.01461 -0.002202  0.03356 -0.009031 0.003121 0.006121\n",
      " 0.04874   0.1219  -0.5019        1  -0.5113   0.1697 -0.04272  0.01264  -0.0247 -0.01267  0.01923 -0.01043  0.02662  0.01574  -0.0128\n",
      " 0.01945  0.03122    0.136  -0.5113        1  -0.5231   0.1777 -0.01308  0.05632 -0.01027  -0.0318  0.03942 -0.03032  0.01585 0.005043\n",
      "-0.005936 -0.02222   0.0182   0.1697  -0.5231        1  -0.5229   0.1615 -0.02939 -0.03502   0.1108 -0.04349  0.07563 -0.09432  0.06548\n",
      "-0.003817 0.009756 0.009506 -0.04272   0.1777  -0.5229        1  -0.5341   0.1663  0.02039 -0.07415  0.07599 -0.09707   0.1119 -0.09318\n",
      "-0.01522 0.0001227  0.04604  0.01264 -0.01308   0.1615  -0.5341        1  -0.5338   0.1425  0.03961 -0.05573  0.05999 -0.02382  0.04221\n",
      "  0.0529  0.02753 -0.0002741  -0.0247  0.05632 -0.02939   0.1663  -0.5338        1  -0.5386   0.1533  0.01438 -0.02503 -0.02795  0.01703\n",
      " -0.0286 -0.02339 -0.01461 -0.01267 -0.01027 -0.03502  0.02039   0.1425  -0.5386        1  -0.5376   0.1504 -0.006556  0.04135 -0.01452\n",
      " 0.04296  0.01606 -0.002202  0.01923  -0.0318   0.1108 -0.07415  0.03961   0.1533  -0.5376        1  -0.5219   0.1176  0.01634 -0.006797\n",
      "-0.01015 -0.02147  0.03356 -0.01043  0.03942 -0.04349  0.07599 -0.05573  0.01438   0.1504  -0.5219        1  -0.5296   0.1741 -0.00234\n",
      " 0.01608  0.02441 -0.009031  0.02662 -0.03032  0.07563 -0.09707  0.05999 -0.02503 -0.006556   0.1176  -0.5296        1   -0.576   0.1719\n",
      " 0.05166 -0.04802 0.003121  0.01574  0.01585 -0.09432   0.1119 -0.02382 -0.02795  0.04135  0.01634   0.1741   -0.576        1  -0.5376\n",
      "-0.02843   0.0519 0.006121  -0.0128 0.005043  0.06548 -0.09318  0.04221  0.01703 -0.01452 -0.006797 -0.00234   0.1719  -0.5376        1\n",
      "16 [0.003(21), 0.020(21), -0.023(21), 0.052(21), -0.004(21), -0.011(22), 0.026(21), -0.024(21), 0.026(21), -0.035(21), 0.018(21), 0.010(21), -0.003(21), 0.031(21), -0.017(21), -0.008(21), 0.033(21)]\n",
      "       1  -0.5452   0.1542  0.04441  0.04165 -0.06077  0.06459 -0.08325   0.0754 0.007463 0.003802  -0.0241  0.03634 -0.007582  0.02247  0.03888 -0.06458\n",
      " -0.5452        1  -0.5462   0.1062  0.02883  0.00572 -0.008585  0.01056  0.02125 -0.04897  0.03586 -0.03629 -0.0009638 -0.01329  0.02711 0.003892  0.01443\n",
      "  0.1542  -0.5462        1  -0.5041   0.1194 0.001962 -0.01056  0.03084 -0.01097     0.03 -0.02688  0.07302 -0.04293 -0.0008803   0.0421  -0.0131  0.00943\n",
      " 0.04441   0.1062  -0.5041        1  -0.5314   0.1937  -0.0305  0.05585 -0.04636 -0.06266   0.1035 -0.03518  0.01851  0.02169 -0.07467  0.03044 -0.01181\n",
      " 0.04165  0.02883   0.1194  -0.5314        1  -0.5586   0.2123 -0.06925   0.0683 -0.01303 -0.04361 -0.004127 -0.005718  0.02266 -0.002808 -0.002154 -0.01089\n",
      "-0.06077  0.00572 0.001962   0.1937  -0.5586        1  -0.5418    0.176 -0.00971 -0.03963   0.0813  0.01031  0.03215 -0.05711   0.0422 -0.02326 -0.005084\n",
      " 0.06459 -0.008585 -0.01056  -0.0305   0.2123  -0.5418        1  -0.5322   0.1501  0.04418 -0.04649 -0.001781  0.01252  0.03597 -0.07965  0.04834    0.054\n",
      "-0.08325  0.01056  0.03084  0.05585 -0.06925    0.176  -0.5322        1   -0.515  0.09044   0.0764 -0.03102  0.02221 0.001839  0.02549  0.02597 -0.06432\n",
      "  0.0754  0.02125 -0.01097 -0.04636   0.0683 -0.00971   0.1501   -0.515        1  -0.5273   0.1324  0.03506 -0.04846  0.03221 -0.003101   -0.039  0.06064\n",
      "0.007463 -0.04897     0.03 -0.06266 -0.01303 -0.03963  0.04418  0.09044  -0.5273        1  -0.5339   0.1313  0.03733 -0.02557  0.01554  0.03559 -0.04891\n",
      "0.003802  0.03586 -0.02688   0.1035 -0.04361   0.0813 -0.04649   0.0764   0.1324  -0.5339        1  -0.4906  0.08597  0.02273 -0.004262  0.01169  0.01969\n",
      " -0.0241 -0.03629  0.07302 -0.03518 -0.004127  0.01031 -0.001781 -0.03102  0.03506   0.1313  -0.4906        1  -0.4995   0.1745 -0.03567 -0.03105  0.04296\n",
      " 0.03634 -0.0009638 -0.04293  0.01851 -0.005718  0.03215  0.01252  0.02221 -0.04846  0.03733  0.08597  -0.4995        1   -0.557   0.1904 -0.06012 -0.02217\n",
      "-0.007582 -0.01329 -0.0008803  0.02169  0.02266 -0.05711  0.03597 0.001839  0.03221 -0.02557  0.02273   0.1745   -0.557        1  -0.5745   0.1922  0.05455\n",
      " 0.02247  0.02711   0.0421 -0.07467 -0.002808   0.0422 -0.07965  0.02549 -0.003101  0.01554 -0.004262 -0.03567   0.1904  -0.5745        1  -0.4951  0.02576\n",
      " 0.03888 0.003892  -0.0131  0.03044 -0.002154 -0.02326  0.04834  0.02597   -0.039  0.03559  0.01169 -0.03105 -0.06012   0.1922  -0.4951        1  -0.5116\n",
      "-0.06458  0.01443  0.00943 -0.01181 -0.01089 -0.005084    0.054 -0.06432  0.06064 -0.04891  0.01969  0.04296 -0.02217  0.05455  0.02576  -0.5116        1\n",
      "18 [0.025(33), 0.026(34), -0.050(34), 0.103(33), -0.061(33), 0.000(34), 0.054(32), -0.033(34), 0.029(33), -0.047(35), 0.012(33), -0.001(32), 0.029(33), -0.005(33), -0.001(33), -0.027(33), 0.041(33), -0.012(32), -0.039(33)]\n",
      "       1  -0.5325   0.1689 -0.004166  0.03463 -0.03147  0.03214 -0.03086   0.0142  0.02395 -0.02275 -0.01174  0.03234 -0.06108  0.01296  0.01928 -0.01713 -0.01155  0.06505\n",
      " -0.5325        1  -0.5776   0.2296 -0.01622  0.01078 -0.002711  0.02816 0.004432 -0.02124  0.05708 -0.04017 -0.008425  0.08726 -0.007601 -0.01783  0.01822 -0.009233 -0.01011\n",
      "  0.1689  -0.5776        1  -0.5434   0.1468 -0.02223  0.01229  0.04899 -0.09919  0.09644 -0.09693    0.081 -0.04719 -0.07078  0.04294   0.0116  0.02062  0.03425 -0.01166\n",
      "-0.004166   0.2296  -0.5434        1  -0.5426   0.1955 -0.01447 -0.01836  0.07917   -0.085   0.0876 -0.03882  0.05465  0.03139 -0.05334  0.01037  0.01148 -0.03022  0.03503\n",
      " 0.03463 -0.01622   0.1468  -0.5426        1  -0.5692   0.1719 -0.05524 -0.01356  0.05931 -0.05303  0.03329 -0.05529 -0.02184  0.03373  0.02996 -0.04131 -0.01178  0.02303\n",
      "-0.03147  0.01078 -0.02223   0.1955  -0.5692        1  -0.5027    0.137  0.05074 -0.06976   0.0766 -0.04115  0.04044 -0.01027  0.03121 -0.04216  0.03498  0.05029 -0.02122\n",
      " 0.03214 -0.002711  0.01229 -0.01447   0.1719  -0.5027        1  -0.5223   0.1017  0.06752 -0.04994 -0.02557  0.07736 -0.05066 -9.212e-05  0.04563  0.04538 -0.06349 -0.02031\n",
      "-0.03086  0.02816  0.04899 -0.01836 -0.05524    0.137  -0.5223        1  -0.5034  0.08916  0.05284    0.066 -0.07989   0.0468 -0.02184 -0.01079 -0.02051 0.006722 0.005239\n",
      "  0.0142 0.004432 -0.09919  0.07917 -0.01356  0.05074   0.1017  -0.5034        1  -0.5262   0.1722 -0.05603  0.03652 -0.009653 -0.0008043 -0.04368  0.03558  0.05508 -0.003378\n",
      " 0.02395 -0.02124  0.09644   -0.085  0.05931 -0.06976  0.06752  0.08916  -0.5262        1  -0.5503   0.1381 0.005269  0.01095  0.01966  0.06469 -0.04347  0.01893  -0.0373\n",
      "-0.02275  0.05708 -0.09693   0.0876 -0.05303   0.0766 -0.04994  0.05284   0.1722  -0.5503        1  -0.4652  0.06618  0.04619 -0.02926 0.002947 -0.008216  0.01965  0.02666\n",
      "-0.01174 -0.04017    0.081 -0.03882  0.03329 -0.04115 -0.02557    0.066 -0.05603   0.1381  -0.4652        1     -0.5   0.1437  0.04488 -0.06043  0.03134 -0.03537  0.01616\n",
      " 0.03234 -0.008425 -0.04719  0.05465 -0.05529  0.04044  0.07736 -0.07989  0.03652 0.005269  0.06618     -0.5        1  -0.5301   0.1447 -0.04799 0.005398  0.02128 -0.01072\n",
      "-0.06108  0.08726 -0.07078  0.03139 -0.02184 -0.01027 -0.05066   0.0468 -0.009653  0.01095  0.04619   0.1437  -0.5301        1   -0.558   0.1389  0.08069 -0.03165  0.02314\n",
      " 0.01296 -0.007601  0.04294 -0.05334  0.03373  0.03121 -9.212e-05 -0.02184 -0.0008043  0.01966 -0.02926  0.04488   0.1447   -0.558        1  -0.4983  0.05871 0.0001375  0.04403\n",
      " 0.01928 -0.01783   0.0116  0.01037  0.02996 -0.04216  0.04563 -0.01079 -0.04368  0.06469 0.002947 -0.06043 -0.04799   0.1389  -0.4983        1  -0.5111   0.1582 5.854e-05\n",
      "-0.01713  0.01822  0.02062  0.01148 -0.04131  0.03498  0.04538 -0.02051  0.03558 -0.04347 -0.008216  0.03134 0.005398  0.08069  0.05871  -0.5111        1  -0.5206  0.09341\n",
      "-0.01155 -0.009233  0.03425 -0.03022 -0.01178  0.05029 -0.06349 0.006722  0.05508  0.01893  0.01965 -0.03537  0.02128 -0.03165 0.0001375   0.1582  -0.5206        1  -0.4783\n",
      " 0.06505 -0.01011 -0.01166  0.03503  0.02303 -0.02122 -0.02031 0.005239 -0.003378  -0.0373  0.02666  0.01616 -0.01072  0.02314  0.04403 5.854e-05  0.09341  -0.4783        1\n",
      "20 [-0.071(53), 0.042(55), -0.001(54), 0.040(54), -0.021(52), -0.024(52), 0.075(52), -0.043(56), 0.057(54), -0.099(57), 0.011(53), -0.012(54), 0.030(55), -0.043(55), -0.006(55), 0.067(56), -0.051(54), -0.026(55), 0.023(56), -0.105(57), 0.018(55)]\n",
      "       1  -0.5211   0.1583 -0.02055  0.06633 -0.06044  0.02745  0.01281  0.01362  0.04082 -0.01872   0.0035 -0.008969   0.0111 -0.02288 -0.006356   0.0195 -0.008431  0.06895 -0.04621  0.03369\n",
      " -0.5211        1  -0.5823   0.1828  -0.0333  0.03538 -0.05072 -0.008361 -0.01111 -0.02302 0.004985  0.01102 -0.01606   0.0274 0.008985  0.06175 -0.03565 -0.02958  0.02902 0.005403 0.003402\n",
      "  0.1583  -0.5823        1  -0.5134   0.1425 -0.01462  0.05131  0.04072 -0.04879  0.04371 -0.03512  0.02168 0.004199 -0.05465  0.03608 -0.07281  0.03767  0.05052  -0.0497 -0.001256 -0.04751\n",
      "-0.02055   0.1828  -0.5134        1   -0.548   0.1311   0.0172 -0.01026  0.03304 -0.02801   0.0296 -0.01857 0.006904   0.0568 -0.04053  0.02567   0.0191 -0.000192 -0.006357 -0.02712  0.04521\n",
      " 0.06633  -0.0333   0.1425   -0.548        1  -0.5009  0.08909   0.0223 -0.05545  0.04656 -0.03081 -0.01315 0.009058 -0.02609  0.02401  0.03685  -0.0392 -0.008758  0.02917  0.07039 -0.07794\n",
      "-0.06044  0.03538 -0.01462   0.1311  -0.5009        1  -0.4804   0.1444  0.02566 -0.01163 -0.006591   0.0211 -0.007623  -0.0104  0.00646 -0.01767  0.02557 0.001842 -0.01053  -0.0361  0.03924\n",
      " 0.02745 -0.05072  0.05131   0.0172  0.08909  -0.4804        1  -0.5584   0.1304  0.04815  0.01983 -0.05596  0.06313 -0.04262 -0.001849 0.001438 -0.006595  0.03219 -0.02411 0.006988 -0.01014\n",
      " 0.01281 -0.008361  0.04072 -0.01026   0.0223   0.1444  -0.5584        1  -0.5099   0.1161 0.0006189  0.07749 -0.05972   0.0394 -0.02126 -0.02808  0.02102 -0.02532 -0.03678  0.02446 -0.02405\n",
      " 0.01362 -0.01111 -0.04879  0.03304 -0.05545  0.02566   0.1304  -0.5099        1  -0.5588   0.2213 -0.07675  0.05649 -0.006069  0.01179  0.01423  0.03429 0.009975  0.03268 -0.01698 0.002471\n",
      " 0.04082 -0.02302  0.04371 -0.02801  0.04656 -0.01163  0.04815   0.1161  -0.5588        1  -0.5507   0.1791  -0.0285 0.007371  0.04033  0.01163 -0.04537  0.02671 -0.04948  0.06212 0.003979\n",
      "-0.01872 0.004985 -0.03512   0.0296 -0.03081 -0.006591  0.01983 0.0006189   0.2213  -0.5507        1  -0.4977   0.1121  0.02402 -0.04836   0.0645 -0.00648  0.03094  0.02312 -0.06501  0.05913\n",
      "  0.0035  0.01102  0.02168 -0.01857 -0.01315   0.0211 -0.05596  0.07749 -0.07675   0.1791  -0.4977        1  -0.5406    0.174  0.07639  -0.1254  0.05523 -0.03898 -0.003853 -0.006466  -0.0488\n",
      "-0.008969 -0.01606 0.004199 0.006904 0.009058 -0.007623  0.06313 -0.05972  0.05649  -0.0285   0.1121  -0.5406        1  -0.5675   0.1607 0.004407 -0.007412 0.002494 0.006671  0.01753  0.01015\n",
      "  0.0111   0.0274 -0.05465   0.0568 -0.02609  -0.0104 -0.04262   0.0394 -0.006069 0.007371  0.02402    0.174  -0.5675        1  -0.5613   0.1472  0.04289  0.01912 -0.003217 -0.01446 0.002166\n",
      "-0.02288 0.008985  0.03608 -0.04053  0.02401  0.00646 -0.001849 -0.02126  0.01179  0.04033 -0.04836  0.07639   0.1607  -0.5613        1  -0.5105  0.09555 -0.03172 0.009872 -0.01276  0.01757\n",
      "-0.006356  0.06175 -0.07281  0.02567  0.03685 -0.01767 0.001438 -0.02808  0.01423  0.01163   0.0645  -0.1254 0.004407   0.1472  -0.5105        1  -0.5554   0.2166 -0.01683  0.03065 0.001642\n",
      "  0.0195 -0.03565  0.03767   0.0191  -0.0392  0.02557 -0.006595  0.02102  0.03429 -0.04537 -0.00648  0.05523 -0.007412  0.04289  0.09555  -0.5554        1  -0.5365   0.1302 -0.03155  0.01617\n",
      "-0.008431 -0.02958  0.05052 -0.000192 -0.008758 0.001842  0.03219 -0.02532 0.009975  0.02671  0.03094 -0.03898 0.002494  0.01912 -0.03172   0.2166  -0.5365        1  -0.5121   0.1647 -0.03635\n",
      " 0.06895  0.02902  -0.0497 -0.006357  0.02917 -0.01053 -0.02411 -0.03678  0.03268 -0.04948  0.02312 -0.003853 0.006671 -0.003217 0.009872 -0.01683   0.1302  -0.5121        1  -0.5493   0.1732\n",
      "-0.04621 0.005403 -0.001256 -0.02712  0.07039  -0.0361 0.006988  0.02446 -0.01698  0.06212 -0.06501 -0.006466  0.01753 -0.01446 -0.01276  0.03065 -0.03155   0.1647  -0.5493        1   -0.568\n",
      " 0.03369 0.003402 -0.04751  0.04521 -0.07794  0.03924 -0.01014 -0.02405 0.002471 0.003979  0.05913  -0.0488  0.01015 0.002166  0.01757 0.001642  0.01617 -0.03635   0.1732   -0.568        1\n",
      "8 [0.0012(47), -0.0026(47), 0.0061(54), -0.0062(53), 0.0011(50), 0.0008(51), 0.0058(48), -0.0038(50), 0.0064(49)]\n",
      "       1  -0.5373  0.08799   0.0266   0.0421 -0.02271  0.04505  -0.0568 -0.007713\n",
      " -0.5373        1  -0.5121   0.2181 -0.02238  -0.0545  0.09445  0.03556  0.01084\n",
      " 0.08799  -0.5121        1  -0.6442   0.2497    0.024 -0.07759  0.07963 -0.07184\n",
      "  0.0266   0.2181  -0.6442        1  -0.5567   0.1325  0.02939 -0.04314   0.0769\n",
      "  0.0421 -0.02238   0.2497  -0.5567        1  -0.5588    0.173 0.001235 0.004866\n",
      "-0.02271  -0.0545    0.024   0.1325  -0.5588        1  -0.5156   0.1444 -0.00404\n",
      " 0.04505  0.09445 -0.07759  0.02939    0.173  -0.5156        1  -0.5697   0.1603\n",
      " -0.0568  0.03556  0.07963 -0.04314 0.001235   0.1444  -0.5697        1  -0.5792\n",
      "-0.007713  0.01084 -0.07184   0.0769 0.004866 -0.00404   0.1603  -0.5792        1\n",
      "10 [-0.0031(65), -0.0073(65), 0.0107(75), -0.0088(72), 0.0048(70), 0.0043(70), 0.0054(70), -0.0073(71), 0.0127(67), -0.0081(70), 0.0143(66)]\n",
      "       1  -0.5217   0.1279  0.05867  0.03153  0.02095 -0.01797 -0.001796 -0.05214   0.1296 -0.07433\n",
      " -0.5217        1  -0.5459   0.1765 0.005836 -0.03956  0.05345 0.004831 0.001029 -0.03805  0.03156\n",
      "  0.1279  -0.5459        1  -0.6056   0.1819 0.004484 -0.002639  0.05202 -0.02014  0.04289 -0.005866\n",
      " 0.05867   0.1765  -0.6056        1  -0.5671   0.1163  0.02827  -0.0735  0.05564  0.01368  -0.0353\n",
      " 0.03153 0.005836   0.1819  -0.5671        1  -0.4956   0.1261   0.0276 0.007973 -0.01547 -0.008047\n",
      " 0.02095 -0.03956 0.004484   0.1163  -0.4956        1  -0.5192   0.1817 -0.06372  0.05352 -0.01772\n",
      "-0.01797  0.05345 -0.002639  0.02827   0.1261  -0.5192        1  -0.5526   0.2005 -0.007724  0.07505\n",
      "-0.001796 0.004831  0.05202  -0.0735   0.0276   0.1817  -0.5526        1  -0.6134   0.2675   -0.122\n",
      "-0.05214 0.001029 -0.02014  0.05564 0.007973 -0.06372   0.2005  -0.6134        1  -0.5895   0.2081\n",
      "  0.1296 -0.03805  0.04289  0.01368 -0.01547  0.05352 -0.007724   0.2675  -0.5895        1  -0.5282\n",
      "-0.07433  0.03156 -0.005866  -0.0353 -0.008047 -0.01772  0.07505   -0.122   0.2081  -0.5282        1\n",
      "12 [-0.0074(91), -0.0052(89), 0.021(10), -0.017(10), 0.010(10), 0.0069(97), 0.0080(99), -0.0037(95), 0.0112(91), -0.0010(95), 0.0115(92), -0.0062(94), 0.020(10)]\n",
      "       1  -0.5082  0.08126  0.06713 -0.03213   0.1165  -0.1047  0.09598  -0.1083   0.1215 -0.03835 -0.0007267  0.02482\n",
      " -0.5082        1  -0.5305   0.1405  0.07404   -0.127   0.0825 -0.05078  0.03488 -0.07388  0.04338  0.02653  0.02199\n",
      " 0.08126  -0.5305        1  -0.5744   0.1163  0.02487 -0.02062   0.1137  -0.0565  0.05127 -0.04351 -0.04478  0.02379\n",
      " 0.06713   0.1405  -0.5744        1  -0.5456    0.145  0.01429  -0.1067  0.05632  0.01872 -0.005654   0.0835  -0.0714\n",
      "-0.03213  0.07404   0.1163  -0.5456        1  -0.5366   0.1292  0.04661 0.007112 -0.006297 -0.009322 -0.06669   0.0396\n",
      "  0.1165   -0.127  0.02487    0.145  -0.5366        1   -0.538   0.1856 -0.04457  0.06026 -0.07605   0.1259 -0.03558\n",
      " -0.1047   0.0825 -0.02062  0.01429   0.1292   -0.538        1  -0.5484   0.1844  -0.0355   0.1242  -0.1469   0.1012\n",
      " 0.09598 -0.05078   0.1137  -0.1067  0.04661   0.1856  -0.5484        1  -0.5628   0.2413  -0.1171  0.09035  -0.1219\n",
      " -0.1083  0.03488  -0.0565  0.05632 0.007112 -0.04457   0.1844  -0.5628        1  -0.5543    0.181 -0.002546  0.03095\n",
      "  0.1215 -0.07388  0.05127  0.01872 -0.006297  0.06026  -0.0355   0.2413  -0.5543        1  -0.5755   0.1599  -0.0159\n",
      "-0.03835  0.04338 -0.04351 -0.005654 -0.009322 -0.07605   0.1242  -0.1171    0.181  -0.5755        1  -0.5188   0.1524\n",
      "-0.0007267  0.02653 -0.04478   0.0835 -0.06669   0.1259  -0.1469  0.09035 -0.002546   0.1599  -0.5188        1  -0.5555\n",
      " 0.02482  0.02199  0.02379  -0.0714   0.0396 -0.03558   0.1012  -0.1219  0.03095  -0.0159   0.1524  -0.5555        1\n",
      "14 [0.004(13), -0.019(13), 0.026(15), -0.020(14), 0.010(14), 0.011(14), 0.004(14), 0.001(13), -0.001(13), 0.008(13), 0.013(12), -0.002(14), 0.019(14), -0.028(14), 0.010(15)]\n",
      "       1  -0.5163   0.1348  0.01736   -0.034  0.05956 -0.03403  0.07704 -0.06911   0.1048 -0.05051 -0.01274  0.04108  0.02259 -0.08539\n",
      " -0.5163        1  -0.5644   0.1529  0.08273  -0.1119  0.07694  -0.0662  0.03716 -0.06221  0.09314  0.01102 -0.08587  0.04718  0.03649\n",
      "  0.1348  -0.5644        1  -0.5444    0.125  0.01809 -0.02798  0.05424   0.0089  0.03114 -0.05299 -0.02326  0.09432 -0.02431 -0.03513\n",
      " 0.01736   0.1529  -0.5444        1  -0.5683   0.2019 -0.04811 -0.01009 0.007888  0.02588  0.02478  0.05153 -0.04862 -0.005424  0.03623\n",
      "  -0.034  0.08273    0.125  -0.5683        1  -0.5699   0.1689 0.005514 -0.01556  0.01221 0.002274 -0.05777  0.03761  0.03692 0.001464\n",
      " 0.05956  -0.1119  0.01809   0.2019  -0.5699        1  -0.5537   0.1167  0.02646 -0.01716  -0.0751   0.1258   -0.059  0.01846  0.01786\n",
      "-0.03403  0.07694 -0.02798 -0.04811   0.1689  -0.5537        1  -0.5228   0.1794 -0.03036   0.1417  -0.1336  0.08211 -0.01029   0.0334\n",
      " 0.07704  -0.0662  0.05424 -0.01009 0.005514   0.1167  -0.5228        1  -0.5529   0.2428  -0.1094   0.0668 -0.05277  0.06226 -0.07043\n",
      "-0.06911  0.03716   0.0089 0.007888 -0.01556  0.02646   0.1794  -0.5529        1  -0.5422   0.1221  0.06621 -0.03834  0.06799 -0.00717\n",
      "  0.1048 -0.06221  0.03114  0.02588  0.01221 -0.01716 -0.03036   0.2428  -0.5422        1  -0.4719   0.1024  0.01369 -0.04187  0.03598\n",
      "-0.05051  0.09314 -0.05299  0.02478 0.002274  -0.0751   0.1417  -0.1094   0.1221  -0.4719        1  -0.5391   0.1783  0.04534 -0.01066\n",
      "-0.01274  0.01102 -0.02326  0.05153 -0.05777   0.1258  -0.1336   0.0668  0.06621   0.1024  -0.5391        1  -0.5493    0.119  0.07019\n",
      " 0.04108 -0.08587  0.09432 -0.04862  0.03761   -0.059  0.08211 -0.05277 -0.03834  0.01369   0.1783  -0.5493        1  -0.5513  0.06793\n",
      " 0.02259  0.04718 -0.02431 -0.005424  0.03692  0.01846 -0.01029  0.06226  0.06799 -0.04187  0.04534    0.119  -0.5513        1  -0.5221\n",
      "-0.08539  0.03649 -0.03513  0.03623 0.001464  0.01786   0.0334 -0.07043 -0.00717  0.03598 -0.01066  0.07019  0.06793  -0.5221        1\n",
      "16 [-0.002(19), -0.023(20), 0.027(21), -0.031(20), 0.012(19), 0.004(19), 0.005(19), 0.001(18), -0.009(19), 0.010(20), 0.018(18), 0.007(19), 0.003(20), -0.013(20), 0.015(20), -0.005(20), -0.011(20)]\n",
      "       1  -0.5525   0.1905  0.02495  -0.0407  0.05306 -0.07373  0.06435 -0.06841  0.09518 -0.03542 -0.03372  0.03409 -0.02194 0.005043 0.009533 -0.01596\n",
      " -0.5525        1  -0.6008   0.1478  0.06254 -0.08991   0.0606 -0.05139  0.03823 -0.05883  0.09482 -0.02491 -0.03404  0.02291  0.02657 -0.004182 0.002867\n",
      "  0.1905  -0.6008        1  -0.5676   0.1945 0.004511 -0.04411  0.09975 -0.01034  0.05491 -0.08547  0.04428  0.07123 -0.01268 -0.07547  0.08369 -0.03292\n",
      " 0.02495   0.1478  -0.5676        1  -0.5695   0.1496 -0.01384 -0.04713   0.0421 -0.01822  0.03066 -0.02667 -0.009423 -0.02387  0.05341 -0.09083 -0.01557\n",
      " -0.0407  0.06254   0.1945  -0.5695        1  -0.5504   0.1533 -0.008112 -0.06866  0.03693 -0.02014 0.005802  0.03633  0.02518  0.02957  0.08325 -0.003974\n",
      " 0.05306 -0.08991 0.004511   0.1496  -0.5504        1   -0.544     0.16  0.07756 -0.02308  0.02773 0.004307 -0.03434  0.04688 -0.02657 -0.005163 -0.04871\n",
      "-0.07373   0.0606 -0.04411 -0.01384   0.1533   -0.544        1  -0.5429   0.1147  0.01292  0.04286  -0.0557  0.02646  -0.0127  0.06201 -0.09516  0.09308\n",
      " 0.06435 -0.05139  0.09975 -0.04713 -0.008112     0.16  -0.5429        1  -0.4949   0.1689  -0.0403   0.0721 -0.03249  0.02349 -0.06076  0.08476 -0.01999\n",
      "-0.06841  0.03823 -0.01034   0.0421 -0.06866  0.07756   0.1147  -0.4949        1  -0.5272   0.1741  0.01769 -0.003752  0.05872  0.01451 -0.06703  0.02545\n",
      " 0.09518 -0.05883  0.05491 -0.01822  0.03693 -0.02308  0.01292   0.1689  -0.5272        1  -0.5073   0.1461  0.01397 -0.05415  0.05625 0.004055 -0.03474\n",
      "-0.03542  0.09482 -0.08547  0.03066 -0.02014  0.02773  0.04286  -0.0403   0.1741  -0.5073        1  -0.5499   0.1896 -0.001595 -0.008939 -0.04531  0.07022\n",
      "-0.03372 -0.02491  0.04428 -0.02667 0.005802 0.004307  -0.0557   0.0721  0.01769   0.1461  -0.5499        1  -0.5652   0.1378  0.01992  0.02444 -0.02737\n",
      " 0.03409 -0.03404  0.07123 -0.009423  0.03633 -0.03434  0.02646 -0.03249 -0.003752  0.01397   0.1896  -0.5652        1  -0.5565   0.1212 0.008272  0.01471\n",
      "-0.02194  0.02291 -0.01268 -0.02387  0.02518  0.04688  -0.0127  0.02349  0.05872 -0.05415 -0.001595   0.1378  -0.5565        1  -0.5594   0.1367 0.008137\n",
      "0.005043  0.02657 -0.07547  0.05341  0.02957 -0.02657  0.06201 -0.06076  0.01451  0.05625 -0.008939  0.01992   0.1212  -0.5594        1  -0.5713   0.1682\n",
      "0.009533 -0.004182  0.08369 -0.09083  0.08325 -0.005163 -0.09516  0.08476 -0.06703 0.004055 -0.04531  0.02444 0.008272   0.1367  -0.5713        1  -0.5518\n",
      "-0.01596 0.002867 -0.03292 -0.01557 -0.003974 -0.04871  0.09308 -0.01999  0.02545 -0.03474  0.07022 -0.02737  0.01471 0.008137   0.1682  -0.5518        1\n",
      "18 [-0.007(27), -0.035(28), 0.023(30), -0.040(29), 0.022(27), -0.002(29), -0.007(29), 0.032(28), -0.032(28), 0.031(29), 0.007(27), 0.000(27), -0.005(29), -0.017(28), 0.011(28), -0.014(30), -0.025(28), 0.032(29), -0.003(28)]\n",
      "       1  -0.5432   0.2283  -0.1023   0.1064 -0.08364  0.04208 -0.03058 0.005602   0.0393 -0.02234 -0.06445  0.06036  0.04066 -0.02691  0.03535 -0.03994  0.04066 -4.823e-05\n",
      " -0.5432        1  -0.5828   0.1762 -0.009124  0.02381 -0.008694 -0.0002376 -0.0003304 -0.07545 0.003264  0.04828 -0.08712 -0.0005819  0.06489 -0.04551  0.01912 0.008604 0.005204\n",
      "  0.2283  -0.5828        1   -0.542   0.1766 -0.02281  -0.0311  0.08581 -0.03769  0.06637 -0.009587 -0.02165  0.08145 -0.03831 -0.02248  0.09633  -0.0664  0.06692 -0.02978\n",
      " -0.1023   0.1762   -0.542        1  -0.5699   0.1874 -0.03818 -0.02663  0.07775 -0.02983 0.009022  0.02301 -0.02842  0.01564 -0.03719 -0.02437  0.01903 -0.01966 0.002078\n",
      "  0.1064 -0.009124   0.1766  -0.5699        1  -0.5448   0.1776  -0.0428 -0.07695  0.03475  0.07381 -0.09004  0.05213 -0.006651  0.07795  0.05945 -0.02513  0.01575   0.0599\n",
      "-0.08364  0.02381 -0.02281   0.1874  -0.5448        1  -0.5707   0.2185 -0.00611  0.04028  -0.0577   0.0916 -0.04766  0.05875 -0.04242  -0.0536  0.01099  0.02486 -0.06006\n",
      " 0.04208 -0.008694  -0.0311 -0.03818   0.1776  -0.5707        1  -0.5935    0.192  -0.0271  0.01534 -0.008025  0.03804 -0.05979  0.05047 -0.03401  0.01506 -0.06036  0.08641\n",
      "-0.03058 -0.0002376  0.08581 -0.02663  -0.0428   0.2185  -0.5935        1  -0.5573    0.187     0.06 -0.01395 0.004437  0.09444 -0.05282  0.09539   0.0167  0.02703 -0.02971\n",
      "0.005602 -0.0003304 -0.03769  0.07775 -0.07695 -0.00611    0.192  -0.5573        1  -0.5065   0.1136  0.03429  0.04785 -0.02043 -0.001218 -0.07054 -0.003645 -0.02325  0.01617\n",
      "  0.0393 -0.07545  0.06637 -0.02983  0.03475  0.04028  -0.0271    0.187  -0.5065        1  -0.5166   0.1579  0.01495 -0.01994  0.06225 0.004911 -0.02134  0.01914  0.04188\n",
      "-0.02234 0.003264 -0.009587 0.009022  0.07381  -0.0577  0.01534     0.06   0.1136  -0.5166        1  -0.5016   0.1364  0.03506 -0.01466 0.007703  0.03222 -0.02669  -0.0149\n",
      "-0.06445  0.04828 -0.02165  0.02301 -0.09004   0.0916 -0.008025 -0.01395  0.03429   0.1579  -0.5016        1  -0.5613   0.1844 -0.004335  -0.0192 0.003502  0.02043 -0.05829\n",
      " 0.06036 -0.08712  0.08145 -0.02842  0.05213 -0.04766  0.03804 0.004437  0.04785  0.01495   0.1364  -0.5613        1  -0.5497   0.1166  0.03671 0.003531 -0.03212   0.1216\n",
      " 0.04066 -0.0005819 -0.03831  0.01564 -0.006651  0.05875 -0.05979  0.09444 -0.02043 -0.01994  0.03506   0.1844  -0.5497        1  -0.5634   0.1285 -0.05041  0.05361 -0.05885\n",
      "-0.02691  0.06489 -0.02248 -0.03719  0.07795 -0.04242  0.05047 -0.05282 -0.001218  0.06225 -0.01466 -0.004335   0.1166  -0.5634        1  -0.5395   0.2477 -0.04174  0.01937\n",
      " 0.03535 -0.04551  0.09633 -0.02437  0.05945  -0.0536 -0.03401  0.09539 -0.07054 0.004911 0.007703  -0.0192  0.03671   0.1285  -0.5395        1  -0.6045   0.1755  0.07316\n",
      "-0.03994  0.01912  -0.0664  0.01903 -0.02513  0.01099  0.01506   0.0167 -0.003645 -0.02134  0.03222 0.003502 0.003531 -0.05041   0.2477  -0.6045        1  -0.5718   0.1209\n",
      " 0.04066 0.008604  0.06692 -0.01966  0.01575  0.02486 -0.06036  0.02703 -0.02325  0.01914 -0.02669  0.02043 -0.03212  0.05361 -0.04174   0.1755  -0.5718        1  -0.5265\n",
      "-4.823e-05 0.005204 -0.02978 0.002078   0.0599 -0.06006  0.08641 -0.02971  0.01617  0.04188  -0.0149 -0.05829   0.1216 -0.05885  0.01937  0.07316   0.1209  -0.5265        1\n",
      "20 [0.026(42), -0.042(44), 0.022(44), -0.044(42), 0.013(40), 0.042(40), -0.034(43), 0.037(43), -0.027(43), -0.022(42), 0.026(41), -0.020(40), 0.015(43), -0.035(41), 0.018(42), -0.013(43), -0.030(42), 0.038(42), 0.000(44), -0.015(43), -0.010(42)]\n",
      "       1  -0.5865   0.1956 -0.06295  0.01519 0.005283 -0.03701  0.01944 -0.05677  0.04776  -0.0347 -0.03478  0.03688 -0.03883  0.04294 -0.006439 -0.02055  0.01855 -0.04529  0.03956  0.03632\n",
      " -0.5865        1  -0.5616   0.1772  0.01461 -0.03035 -0.01639  0.06718 -0.06126 -0.05921  0.03014 -0.01848 -0.03263  0.02601 -0.01777 -0.03509   0.0162  0.03705 0.005344 0.005596 -0.03894\n",
      "  0.1956  -0.5616        1  -0.5582   0.2004  0.02122 -0.06594   0.0149   0.0342  0.01713 -0.03286  0.03443 -0.00104 -0.02523 0.008885  0.06504 -0.006715 0.009245 0.008424 -0.01852  0.06873\n",
      "-0.06295   0.1772  -0.5582        1   -0.584   0.1542 -0.02354  0.03149  0.01872 -0.06157   0.1047  -0.0783  0.01617 -0.005425 -0.02948 0.002494 0.008714 -0.009984 0.009043 -0.01703 0.004027\n",
      " 0.01519  0.01461   0.2004   -0.584        1  -0.5409   0.1634 0.003169 -0.06423  0.04658 -0.009879  -0.0395  0.07204 -0.01234  0.05355  0.04824  0.01206 -0.04485    0.121 -0.02649  0.04885\n",
      "0.005283 -0.03035  0.02122   0.1542  -0.5409        1  -0.5814   0.2387 -0.02966  0.02401 -0.04061  0.09461  -0.1276  0.08924 -0.07601 -0.03849 0.004284  0.03406  -0.1151  0.01696  0.03288\n",
      "-0.03701 -0.01639 -0.06594 -0.02354   0.1634  -0.5814        1   -0.624   0.2175 -0.04686  0.02908 -0.03011  0.05551 -0.07508  0.07409 -0.04875   0.0463 -0.04228   0.0558  0.02214 -0.00951\n",
      " 0.01944  0.06718   0.0149  0.03149 0.003169   0.2387   -0.624        1  -0.5798   0.1793 0.003085 -0.01065  0.02129   0.1172  -0.0953   0.1642 -0.04681 0.004527  0.07114 -0.06467  0.05848\n",
      "-0.05677 -0.06126   0.0342  0.01872 -0.06423 -0.02966   0.2175  -0.5798        1  -0.5443   0.1498  0.02237  -0.0207 -0.04807  0.03063 -0.07717 -0.03775 0.003363 -0.03919   0.0257  -0.1222\n",
      " 0.04776 -0.05921  0.01713 -0.06157  0.04658  0.02401 -0.04686   0.1793  -0.5443        1  -0.5308   0.1672  0.04582  0.02007   0.0161 -0.01644  0.08682  -0.0468  0.07525  0.00812  0.08393\n",
      " -0.0347  0.03014 -0.03286   0.1047 -0.009879 -0.04061  0.02908 0.003085   0.1498  -0.5308        1  -0.5121   0.1448 -0.01866  0.02247  0.03326 -0.04875  0.06935 -0.05744 -0.01942 -0.06711\n",
      "-0.03478 -0.01848  0.03443  -0.0783  -0.0395  0.09461 -0.03011 -0.01065  0.02237   0.1672  -0.5121        1  -0.5526   0.2274 -0.08361 -0.008333 -0.03091  0.03414 -0.05197  0.07756 -0.004591\n",
      " 0.03688 -0.03263 -0.00104  0.01617  0.07204  -0.1276  0.05551  0.02129  -0.0207  0.04582   0.1448  -0.5526        1   -0.551   0.2007 -0.001234  0.04029 -0.06861   0.1121 -0.06612  0.02643\n",
      "-0.03883  0.02601 -0.02523 -0.005425 -0.01234  0.08924 -0.07508   0.1172 -0.04807  0.02007 -0.01866   0.2274   -0.551        1  -0.6293    0.245 -0.09906  0.05315 -0.04134   0.0387 -0.03595\n",
      " 0.04294 -0.01777 0.008885 -0.02948  0.05355 -0.07601  0.07409  -0.0953  0.03063   0.0161  0.02247 -0.08361   0.2007  -0.6293        1  -0.5368   0.2017 -0.02068 -0.006848 -0.01465  0.05154\n",
      "-0.006439 -0.03509  0.06504 0.002494  0.04824 -0.03849 -0.04875   0.1642 -0.07717 -0.01644  0.03326 -0.008333 -0.001234    0.245  -0.5368        1  -0.5797   0.1967  0.07531  -0.0242 -0.05707\n",
      "-0.02055   0.0162 -0.006715 0.008714  0.01206 0.004284   0.0463 -0.04681 -0.03775  0.08682 -0.04875 -0.03091  0.04029 -0.09906   0.2017  -0.5797        1  -0.6057   0.1506 -0.001419  0.03807\n",
      " 0.01855  0.03705 0.009245 -0.009984 -0.04485  0.03406 -0.04228 0.004527 0.003363  -0.0468  0.06935  0.03414 -0.06861  0.05315 -0.02068   0.1967  -0.6057        1  -0.5334   0.1939 -0.05499\n",
      "-0.04529 0.005344 0.008424 0.009043    0.121  -0.1151   0.0558  0.07114 -0.03919  0.07525 -0.05744 -0.05197   0.1121 -0.04134 -0.006848  0.07531   0.1506  -0.5334        1  -0.5822   0.2128\n",
      " 0.03956 0.005596 -0.01852 -0.01703 -0.02649  0.01696  0.02214 -0.06467   0.0257  0.00812 -0.01942  0.07756 -0.06612   0.0387 -0.01465  -0.0242 -0.001419   0.1939  -0.5822        1  -0.5642\n",
      " 0.03632 -0.03894  0.06873 0.004027  0.04885  0.03288 -0.00951  0.05848  -0.1222  0.08393 -0.06711 -0.004591  0.02643 -0.03595  0.05154 -0.05707  0.03807 -0.05499   0.2128  -0.5642        1\n",
      "8 [0.0011(66), -0.0050(66), 0.0035(68), 0.0024(68), 0.0021(68), 0.0101(64), -0.0087(67), -0.0025(64), 0.0083(64)]\n",
      "       1  -0.5652   0.1536  0.08791  -0.0667  0.02656 -0.005355  -0.0389  0.06472\n",
      " -0.5652        1  -0.5267  0.08145  0.04934 -0.03822  0.05285 -0.01542 -0.01751\n",
      "  0.1536  -0.5267        1  -0.5531    0.109  0.08888  -0.0739  0.04989 -0.03195\n",
      " 0.08791  0.08145  -0.5531        1  -0.5248   0.1037  0.04011 -0.009426 0.004284\n",
